0.013504
1.996406
4.825125
7.097347
9.710091
12.621508
14.134580
15.489921
16.720351
17.997630
19.317857
20.627630
21.728107
23.210907
24.691780
26.082268
27.404444
28.855159
30.264796
31.675522
33.135896
34.662857
36.433628
37.896871
39.599490
46.663798
54.160340
62.297857
69.504410
80.267063
81.843492
83.235306
84.586712
85.991769
86.985488
88.475068
89.972381
91.882880
93.363197
95.033639
96.104626
97.336689
98.514195
99.781995
101.158770
102.839093
104.387517
106.023039
107.612504
109.018095
110.315465
112.008435
114.091723
115.699887
120.775510
121.924093
123.243651
128.907052
129.889320
131.331882
133.004524
143.389943
149.594739
156.792109
162.783617
171.051474
172.072506
179.355465