0
0.031862
0.0535854
0.0726297
0.0901195
0.106537
0.122148
0.137119
0.151562
0.16556
0.179173
0.19245
0.205428
0.218138
0.230605
0.242852
0.254896
0.266754
0.278438
0.28996
0.301333
0.312563
0.323661
0.334634
0.345487
0.356228
0.366863
0.377395
0.387831
0.398173
0.408427
0.418596
0.428683
0.438691
0.448624
0.458484
0.468274
0.477997
0.487653
0.497247
0.506779
0.516252
0.525667
0.535026
0.544331
0.553583
0.562784
0.571935
0.581038
0.590093
0.599102
0.608067
0.616987
0.625865
0.634701
0.643496
0.652251
0.660967
0.669645
0.678286
0.68689
0.695458
0.703991
0.71249
0.720956
0.729388
0.737788
0.746156
0.754493
0.7628
0.771076
0.779323
0.787541
0.79573
0.803891
0.812025
0.820132
0.828212
0.836266
0.844294
0.852297
0.860275
0.868228
0.876158
0.884063
0.891944
0.899803
0.907639
0.915452
0.923243
0.931012
0.93876
0.946487
0.954192
0.961877
0.969541
0.977186
0.98481
0.992415
1
